0,554
0,553
0,552
0,551
0,550
128,7
88,6
14,32
84,6
14,31
145,7
145,6
145,5
145,4
145,3
145,2
145,1
145,0
144,4
144,3
144,2
144,1
144,0
14,30
143,4
143,3
143,2
143,1
143,0
142,4
142,3
142,2
142,1
142,0
14,29
141,6
141,5
141,4
141,3
141,2
141,1
141,0
14,28
140,6
140,5
140,4
140,3
140,2
140,1
140,0
139,7
139,6
139,5
139,4
139,3
139,2
139,1
139,0
0,549
14,27
138,6
138,5
138,4
138,3
138,2
138,1
138,0
14,26
137,6
137,5
137,4
137,3
137,2
137,1
137,0
136,7
136,6
136,5
136,4
136,3
136,2
136,1
136,0
135,6
135,5
135,4
135,3
135,2
135,1
135,0
0,548
134,8
134,7
134,6
134,5
134,4
134,3
134,2
0,547
134,1
134,0
133,8
133,7
133,6
133,5
133,4
133,3
133,2
133,1
133,0
132,8
132,7
132,6
132,5
132,4
132,3
132,2
132,1
132,0
131,6
131,5
131,4
131,3
131,2
131,1
131,0
130,6
130,5
130,4
130,3
130,2
130,1
130,0
129,7
129,6
129,5
129,4
129,3
129,2
129,1
129,0
128,6
128,5
128,4
128,3
128,2
128,1
128,0
127,7
127,6
127,5
127,4
127,3
127,2
127,1
127,0
126,6
126,5
126,4
126,3
126,2
126,1
126,0
125,6
125,5
125,4
125,3
125,2
125,1
125,0
124,7
124,6
124,5
124,4
124,3
124,2
124,1
124,0
123,5
123,4
123,3
123,2
123,1
123,0
122,5
122,4
122,3
122,2
122,1
122,0
121,6
121,5
121,4
121,3
121,2
121,1
121,0
14,25
120,6
120,5
120,4
120,3
120,2
120,1
120,0
119,6
119,5
119,4
119,3
119,2
119,1
119,0
118,7
118,6
118,5
118,4
118,3
118,2
118,1
118,0
14,24
14,23
117,9
117,8
117,7
117,6
117,5
117,4
117,3
117,2
117,1
117,0
14,22
116,7
116,6
116,5
116,4
116,3
116,2
116,1
116,0
115,6
115,5
115,4
115,3
115,2
115,1
115,0
114,7
114,6
114,5
114,4
114,3
114,2
114,1
114,0
113,6
113,5
113,4
113,3
113,2
113,1
113,0
112,6
112,5
112,4
112,3
112,2
112,1
112,0
111,7
111,6
111,5
111,4
111,3
111,2
111,1
111,0
0,546
0,545
110,6
110,5
110,4
110,3
110,2
110,1
110,0
14,21
14,20
109,6
109,5
109,4
109,3
109,2
109,1
109,0
108,7
108,6
108,5
108,4
108,3
108,2
108,1
108,0
107,9
107,8
107,7
107,6
107,5
107,4
107,3
107,2
107,1
107,0
106,7
106,6
106,5
106,4
106,3
106,2
106,1
106,0
0,544
105,6
105,5
105,4
105,3
105,2
105,1
105,0
104,6
104,5
104,4
104,3
104,2
104,1
104,0
103,7
103,6
103,5
103,4
103,3
103,2
103,1
103,0
14,19
102,6
102,5
102,4
102,3
102,2
102,1
102,0
14,18
101,6
101,5
101,4
101,3
101,2
101,1
101,0
14,17
100,7
100,6
100,5
100,4
100,3
100,2
100,1
100,0
99,8
99,7
99,6
99,5
99,4
99,3
99,2
99,1
99,0
